71
94
36
1
0
86
90
51
65
75
50
45
76
24
0
69
11
85
59
84
69
22
2
55
98
19
5
21
12
95
40
91
26
49
14
60
7
97
56
40
6
71
38
28
37
73
71
16
19
92
0
59
31
1
99
72
29
25
53
86
89
63
23
19
17
37
6
4
45
69
47
55
43
73
15
23
59
85
80
11
35
9
6
31
37
87
56
83
89
10
59
1
19
71
20
12
3
83
97
24
35
66
14
99
77
25
14
6
22
24
93
24
82
21
97
56
53
13
99
75
74
55
99
15
70
53
52
15
79
27
21
9
84
72
49
62
63
75
37
71
6
54
35
45
48
87
58
0
22
78
19
88
20
17
99
80
83
77
81
16
17
83
28
93
21
90
5
30
12
3
8
73
65
39
10
25
73
39
93
69
87
98
97
35
74
56
65
14
60
85
5
1
24
71
36
71
98
87
26
60
55
38
62
55
95
92
79
38
79
35
83
10
50
24
86
49
0
44
75
35
84
49
25
68
96
63
76
53
67
21
68
70
99
88
39
2
66
36
86
54
34
21
17
93
77
7
6
22
71
46
3
87
92
68
80
88
0
95
65
25
62
98
36
75
87
21
13
67
13
7
62
28
41
64
26
58
47
25
72
82
22
17
13
17
85
26
38
43
23
94
90
83
5
2
69
85
10
23
34
75
25
99
14
71
96
66
22
7
63
82
38
9
2
34
12
23
40
78
10
66
74
43
86
78
52
0
59
61
67
23
28
67
69
46
89
69
85
40
29
98
11
47
64
81
20
66
56
72
97
61
15
48
9
66
14
9
41
41
63
3
89
20
99
53
81
76
56
26
42
74
42
98
1
25
81
78
58
85
62
85
76
1
20
97
63
77
33
93
97
76
37
66
3
74
31
50
72
29
89
0
90
96
88
63
95
81
61
22
44
11
10
39
28
86
52
0
94
24
48
48
51
17
96
99
79
24
43
79
46
45
70
43
67
14
53
8
36
82
58
2
81
0
87
24
40
43
43
45
76
26
33
0
14
67
47
88
32
4
72
31
9
90
52
92
94
27
30
69
75
83
24
49
5
21
21
26
36
89
84
66
2
16
0
48
58
50
29
86
30
48
64
21
20
80
16
35
17
94
8
45
11
93
21
96
77
40
3
78
42
27
19
74
81
2
91
6
89
65
85
84
76
27
28
68
82
47
99
49
4
21
87
98
63
56
91
61
24
5
65
78
5
53
5
34
54
17
72
24
34
46
32
8
21
7
95
64
76
89
38
54
32
55
41
83
62
30
74
1
52
52
18
32
26
58
57
42
73
87
72
58
44
83
42
90
74
75
34
22
99
17
6
63
52
36
94
83
36
36
49
30
17
13
56
50
13
82
91
23
32
16
51
2
54
4
3
80
28
51
33
69
8
58
33
3
59
79
37
76
65
69
14
7
32
75
43
10
80
36
53
91
14
69
39
33
41
41
33
0
39
67
67
87
49
30
28
25
75
94
78
71
55
65
58
41
38
31
35
97
99
62
57
27
32
60
92
31
93
21
63
49
2
23
30
90
10
6
12
2
98
7
0
17
80
46
79
86
53
47
34
14
7
20
98
48
86
40
64
9
85
28
43
68
13
15
42
19
60
49
40
89
91
88
87
77
43
20
44
85
2
64
38
75
20
10
41
91
19
31
25
87
40
76
60
56
98
75
4
78
44
71
6
47
51
99
56
59
60
88
76
59
60
49
90
19
53
95
85
61
50
15
52
41
44
63
65
23
65
50
65
14
36
86
91
17
73
49
73
9
45
33
2
14
78
85
47
98
92
35
38
38
84
32
13
11
6
87
45
64
85
27
82
73
55
0
66
59
56
5
79
70
60
15
82
7
7
7
11
53
8
12
88
82
26
18
45
63
1
67
81
10
99
37
68
36
96
70
5
53
70
16
77
96
89
4
21
24
76
94
60
49
91
19
90
13
99
64
64
16
9
89
46
45
3
74
91
44
65
77
71
47
34
84
41
84
25
23
40
46
79
18
65
82
80
0
53
82
9
71
79
39
76
70
38
24
61
81
26
97
50
10
19
82
32
31
34
35
74
55
50
48
96
86
4
1
61
80
49
61
66
88
28
30
50
6
66
48
51
97
87
91
14
9
12
95
5
62
72
17
13
86
59
44
70
91
88
19
16
44
62
47
72
11
99
62
66
31
17
49
35
59
21
93
74
16
88
76
19
85
3
89
95
18
31
98
64
63
11
48
66
51
61
52
90
82
39
90
95
14
9
10
